TatianasMacBook:pythonstuff Tatiana$ python tcountingsort.py 
max = 6
C length =7
C = [2, 4, 6, 8, 9, 9, 11]
j = 10
B = [0, 0, 0, 0, 0, 2, 0, 0, 0, 0, 0]
C = [2, 4, 5, 8, 9, 9, 11]
j = 9
B = [0, 0, 0, 0, 0, 2, 0, 3, 0, 0, 0]
C = [2, 4, 5, 7, 9, 9, 11]
j = 8
B = [0, 0, 0, 1, 0, 2, 0, 3, 0, 0, 0]
C = [2, 3, 5, 7, 9, 9, 11]
j = 7
B = [0, 0, 0, 1, 0, 2, 0, 3, 0, 0, 6]
C = [2, 3, 5, 7, 9, 9, 10]
j = 6
B = [0, 0, 0, 1, 0, 2, 0, 3, 4, 0, 6]
C = [2, 3, 5, 7, 8, 9, 10]
j = 5
B = [0, 0, 0, 1, 0, 2, 3, 3, 4, 0, 6]
C = [2, 3, 5, 6, 8, 9, 10]
j = 4
B = [0, 0, 1, 1, 0, 2, 3, 3, 4, 0, 6]
C = [2, 2, 5, 6, 8, 9, 10]
j = 3
B = [0, 0, 1, 1, 0, 2, 3, 3, 4, 0, 6]
C = [1, 2, 5, 6, 8, 9, 10]
j = 2
B = [0, 0, 1, 1, 2, 2, 3, 3, 4, 0, 6]
C = [1, 2, 4, 6, 8, 9, 10]
j = 1
B = [0, 0, 1, 1, 2, 2, 3, 3, 4, 0, 6]
C = [0, 2, 4, 6, 8, 9, 10]
j = 0
B = [0, 0, 1, 1, 2, 2, 3, 3, 4, 6, 6]
C = [0, 2, 4, 6, 8, 9, 9]
Input: [6, 0, 2, 0, 1, 3, 4, 6, 1, 3, 2]
Max: 6
Result: [0, 0, 1, 1, 2, 2, 3, 3, 4, 6, 6]
TatianasMacBook:pythonstuff Tatiana$ 
